5.7,
6.5,
5.705,
6.9,
5.704444444444444,
6.26,
7.173333333333333,
6.681111111111111,
6.683333333333334,
6.765,
6.421818181818182,
6.324999999999999,
5.756666666666667,
5.737500000000001,
6.235,
7.41,
6.224166666666666,
6.421428571428572,
6.128571428571429,
6.308,
6.6025,
6.321250000000001,
7.335,
5.31,
6.8575,
6.579999999999999,
7.066666666666666,
7.335,
6.7700000000000005,
6.78,
6.7784615384615385,
6.269999999999999,
6.828333333333333,
5.739999999999999,
5.11,
6.411,
5.609999999999999,
7.1000000000000005,
6.699999999999999,
6.632857142857143,
5.264,
5.46,
5.9399999999999995,
6.31,
6.390000000000001,
6.4399999999999995,
5.855714285714286,
4.536666666666666,
5.626666666666666,
6.994999999999999,
7.1933333333333325,
6.636666666666667,
4.416666666666667,
5.692142857142856,
6.793333333333333,
6.54,
7.13,
6.8100000000000005,
7.164999999999999,
7.362499999999999,
7.131666666666667,
6.1571428571428575,
5.614999999999999,
7.261666666666667,
6.895,
6.890000000000001,
6.2749999999999995,
6.221578947368421,
6.345714285714286,
6.442500000000002,
5.656923076923077,
6.6066666666666665,
6.760000000000001,
6.673333333333333,
6.401428571428572,
5.112,
7.08,
6.015454545454546,
7.0600000000000005,
6.972222222222222,
6.633333333333333,
5.91,
6.33125,
5.2525,
6.888571428571429,
3.4349999999999996,
7.202,
5.5685714285714285,
6.029,
6.776666666666667,
6.6375,
6.226666666666667,
6.989999999999999,
5.2625,
7.385,
6.565454545454546,
6.251111111111111,
7.09,
6.178000000000001,
6.746666666666667,
6.914999999999999,
7.84,
7.015000000000001,
7.340000000000001,
7.135,
6.415,
7.1,
6.395,
6.51375,
6.701666666666665,
5.1725,
6.979166666666667,
4.44,
7.312857142857142,
6.48,
7.38,
6.3549999999999995,
6.6225,
