7.035,
6.65,
8.12,
6.4,
5.749999999999999,
6.456,
5.185454545454546,
6.96,
6.890000000000001,
6.553333333333334,
7.88,
7.52,
6.91,
6.56,
6.217142857142856,
6.1066666666666665,
6.115,
6.409999999999999,
6.74,
5.6000000000000005,
6.2,
7.1,
6.828,
7.056,
6.56,
6.766666666666667,
6.63,
6.33,
6.239999999999999,
6.24,
6.42,
7.92,
6.5175,
3.79,
5.5475,
6.686666666666667,
7.22,
6.38,
6.64,
8.3,
7.88,
6.6875,
6.52,
6.24,
6.866666666666666,
6.4399999999999995,
7.4,
6.21,
5.225,
6.91,
5.612,
6.16,
6.43230769230769,
6.775,
6.64,
6.71,
7.22,
6.56,
5.61,
5.473333333333334,
6.562222222222221,
6.24,
6.04,
6.85,
6.9799999999999995,
6.82,
6.84,
5.645714285714286,
6.42,
7.2,
6.69,
6.695,
3.6100000000000003,
6.24,
6.9399999999999995,
6.885,
6.544117647058823,
6.22,
6.326666666666667,
5.94,
6.925555555555555,
7.16,
6.522,
6.185714285714285,
6.099999999999999,
6.766666666666667,
7.086666666666666,
6.01,
5.591428571428572,
6.317777777777777,
2.76,
5.161428571428571,
6.913333333333333,
6.24,
6.82,
5.474285714285715,
3.5300000000000002,
6.705333333333332,
6.24,
6.422,
6.79,
6.886666666666667,
5.453333333333334,
4.693333333333333,
4.78,
5.152,
6.84,
6.794285714285714,
6.1,
7.16,
6.783529411764706,
6.22,
6.626666666666666,
6.4,
5.96,
6.56,
7.06,
6.859999999999999,
6.22,
7.2,
5.962857142857142,
6.883333333333333,
5.0725,
7.133333333333333,
6.14,
6.56,
6.0,
7.126666666666666,
6.056666666666666,
3.74,
